Capox_N29.fasta 6.50489283595151e-05 6.03802201933231e-05 7.11420394896388e-05 8.55584641210332e-05 6.1714816588556e-05 0.000220955888667502 
ASFV_N10.fasta 3.60674284768174e-05 3.31091663550581e-05 4.29201727251941e-05 4.57782042048323e-05 3.38922398204948e-05 0.000139524206593391 
ebov_n2.fasta 0.000388910643082716 0.000192192116228303 0.000714601312497976 0.000474653652654331 0.000198725340008143 0.00110943779673076 
HIV_S4env.fasta 0.00320580090135811 0.00259166343955581 0.00414500156134993 0.00406251565247001 0.00262122469988893 0.00858785434607365 
dv4_36.fasta 0.00112160943276535 5.38434627379226e-05 0.0040869360140321 0.00151362148710661 7.48158743044839e-05 0.00423757990777743 
HBV_N42.fasta 0.00020613874807538 0.000151135738945259 0.000390181976837025 0.000234321922384771 0.00015433021461794 0.000677897617719488 
BYDV24.fasta 2.38707627759543e-05 1.94506864019751e-05 3.4566435215518e-05 2.81212262654944e-05 2.12068999730538e-05 4.62392721437019e-05 
CYDV126.fasta 0.00178982149378918 0.000175224195870749 0.00789329452004004 0.00235486139074949 0.000256639932298466 0.00760765084767676 
sivscHIV2_132.fasta 0.00102559487677651 0.000679254755268258 0.00156648581944435 0.00141740169460082 0.000698966100535655 0.00454378153810262 
rabv_128.fasta 0.000456221201058399 0.000347984336604878 0.000663666902508993 0.00053256969406503 0.000335605727257844 0.00104909368415202 
