

TREE # 1

  0  0.0000   5090.917077  x:  2.00000   0.40000   0.10000  
  1 99.0000   4725.516596  x:  2.00020   0.39852   0.03368  
  2 17249.2822   4636.512629  x:  2.04996   0.08627   0.03481  
  3 325.9391   4604.943981  x:  3.45458   0.08640   0.03321  
  4 37.9641   4600.840365  x:  3.84466   0.12057   0.03358  
  5 21.4810   4595.849727  x:  4.35872   0.09599   0.03425  
  6  1.0615   4592.435058  x:  5.47505   0.09419   0.03376  
  7  0.3780   4591.937133  x:  5.87801   0.10065   0.03396  
  8  0.2656   4591.890070  x:  6.04353   0.09810   0.03395  
  9  0.1211   4591.887400  x:  6.07524   0.09874   0.03394  
 10  0.0298   4591.887388  x:  6.07827   0.09874   0.03394  
 11  0.0028   4591.887388  x:  6.07831   0.09874   0.03394  
 12  0.0000   4591.887388  x:  6.07831   0.09874   0.03394  
 13  0.0000   4591.887388  x:  6.07831   0.09874   0.03394  