  83
AB062063|T  0.00000  0.01159  1.16630  3.00216  0.07686  1.27929  0.03793
            1.15262  1.16462  1.11089  1.16032  1.11863  0.12811  0.19682
            1.16097  1.16458  0.07279  1.18391  1.13426  1.17551  1.16450
            1.19014  1.17048  1.15031  1.15108  1.26486  1.22274  0.56408
            0.28115  0.49363  0.56075  0.29236  0.54746  0.06530  0.05989
            0.06083  1.14515  1.15353  1.15484  1.16763  1.16628  1.18705
            1.16714  1.15007  1.14975  1.18033  1.16618  1.18627  1.14986
            1.29291  0.02342  0.02756  1.13416  1.13840  0.05039  1.16764
            1.35189  2.96167  0.03631  1.16221  1.15979  1.18448  0.19510
            1.15224  2.89338  1.18882  1.17537  1.18423  2.90287  3.05859
            1.21850  1.11862  1.12124  2.85771  0.06702  2.84009  0.28318
            1.20623  1.21752  3.02551  1.18245  0.22150  0.05142
AB062064|T  0.01159  0.00000  1.16866  3.01292  0.07419  1.27744  0.03794
            1.15316  1.15843  1.11012  1.16117  1.11806  0.12904  0.19598
            1.15196  1.15813  0.07181  1.18915  1.13485  1.17678  1.16328
            1.19253  1.17380  1.14962  1.14889  1.27357  1.22382  0.55922
            0.27826  0.48922  0.55436  0.29075  0.54064  0.06384  0.05993
            0.05923  1.14149  1.14909  1.15001  1.16962  1.16736  1.19222
            1.16836  1.15000  1.15090  1.18598  1.16316  1.18479  1.14978
            1.29580  0.02343  0.02548  1.13245  1.14019  0.05001  1.16835
            1.35373  2.96996  0.03583  1.16551  1.16231  1.18702  0.19441
            1.15273  2.89626  1.19138  1.17665  1.18366  2.91331  3.08931
            1.21339  1.11805  1.11823  2.85895  0.06775  2.83370  0.28552
            1.20735  1.21782  3.02368  1.18371  0.22363  0.05104
AB114858|Y  1.16630  1.16866  0.00000  2.99679  1.17088  1.09165  1.15661
            0.77992  1.35119  1.37042  0.99954  1.03234  1.18262  1.18894
            1.34815  1.40926  1.17099  1.01773  1.07798  1.05021  1.02294
            1.07174  1.04292  1.04535  1.01292  1.09954  1.09095  1.10003
            1.20395  1.17819  1.15517  1.19696  1.16478  1.16330  1.18062
            1.16441  1.01104  0.36340  0.85681  0.83614  0.77311  1.00970
            0.84227  0.83602  0.77328  1.03781  0.85162  0.85179  0.83685
            1.09538  1.16980  1.17545  1.00655  1.02738  1.17280  1.06955
            1.19617  2.89935  1.17356  1.03706  1.02371  1.02269  1.19547
            1.08350  3.02589  1.02749  1.04858  1.02342  3.12733  2.94741
            1.04218  1.03283  1.03424  3.04954  1.20100  3.03406  1.22262
            1.11015  1.09288  3.05830  1.04920  1.19961  1.17058
AB262759|C  3.00216  3.01292  2.99679  0.00000  3.03895  3.08512  2.99744
            2.97358  3.13549  3.18336  3.02074  2.90304  3.02558  3.15831
            3.13690  3.17086  3.04798  2.99905  3.06614  3.17364  3.09378
            3.09302  3.03839  2.97415  2.97370  3.12138  3.16544  3.08210
            3.21029  3.14235  3.11069  3.12407  3.09309  3.05564  3.04649
            3.04534  3.04273  3.02233  2.92991  2.89647  2.98913  2.98357
            2.95431  2.88508  3.03814  2.97770  2.93044  2.94599  2.88288
            3.08739  3.00975  3.02279  2.94107  2.97687  3.04713  2.99205
            3.22476  0.70318  3.03072  3.04618  2.92114  3.04039  3.18429
            2.96939  1.24237  3.04177  3.03028  3.06802  1.25274  0.65240
            3.10170  2.87909  2.91983  0.93529  3.09527  1.23358  3.22776
            3.00336  3.27412  0.30532  2.90098  3.14854  3.03516
AB507800|O  0.07686  0.07419  1.17088  3.03895  0.00000  1.27631  0.07769
            1.14830  1.17355  1.12098  1.16956  1.11263  0.14373  0.20442
            1.17770  1.17073  0.03167  1.18626  1.13135  1.18886  1.16396
            1.18100  1.17278  1.13651  1.15648  1.27618  1.22076  0.55886
            0.28684  0.50478  0.55611  0.28405  0.54347  0.09315  0.09279
            0.08783  1.14942  1.15016  1.16338  1.16779  1.14982  1.17765
            1.17092  1.16220  1.14224  1.17210  1.17122  1.19680  1.16223
            1.29265  0.07668  0.07544  1.13905  1.13117  0.08142  1.16156
            1.34325  2.96342  0.07447  1.16415  1.18022  1.18768  0.19979
            1.14219  2.90127  1.19229  1.17647  1.18309  2.94836  3.04605
            1.19971  1.12179  1.11221  2.90534  0.10383  2.87229  0.29258
            1.19667  1.23489  3.05627  1.18438  0.23603  0.07870
AF038403|D  1.27929  1.27744  1.09165  3.08512  1.27631  0.00000  1.27331
            1.00581  1.43009  1.46408  0.67535  0.63145  1.23209  1.23931
            1.47015  1.49012  1.26710  0.67586  0.69163  0.65440  0.67900
            0.66571  0.70050  0.63871  0.67786  0.26557  0.31227  1.23861
            1.22604  1.26597  1.23170  1.24669  1.26035  1.28050  1.28323
            1.27402  0.63133  1.13920  1.04915  1.06697  1.00239  0.56757
            1.07423  1.00792  1.00899  0.58672  1.00866  1.07332  1.01381
            0.27593  1.28014  1.27150  0.64969  0.65670  1.28255  0.91817
            0.98259  3.04307  1.27499  0.69786  0.67723  0.69260  1.24678
            0.90164  3.18199  0.69582  0.70516  0.69904  3.10961  3.14635
            0.71584  0.62754  0.62738  3.09044  1.32723  3.08313  1.25880
            0.69957  0.72859  3.13787  0.86617  1.26126  1.27745
AF069066|T  0.03793  0.03794  1.15661  2.99744  0.07769  1.27331  0.00000
            1.14140  1.15662  1.10784  1.15227  1.11377  0.13603  0.18615
            1.15002  1.14608  0.07654  1.17974  1.11156  1.17637  1.15833
            1.17581  1.16872  1.14214  1.13633  1.26160  1.21209  0.55914
            0.26848  0.49682  0.56214  0.28100  0.54114  0.05821  0.05685
            0.05219  1.15005  1.14455  1.15342  1.18020  1.16584  1.17888
            1.16532  1.14083  1.15825  1.17912  1.16629  1.18086  1.14311
            1.29004  0.03371  0.03156  1.12017  1.13760  0.04716  1.16117
            1.33446  2.98238  0.01563  1.15997  1.15672  1.18257  0.18494
            1.14845  2.89572  1.18589  1.16948  1.17589  2.93377  3.04789
            1.20125  1.11300  1.11212  2.88753  0.06617  2.86330  0.27648
            1.20828  1.20917  3.01110  1.17882  0.21339  0.04764
AF094612|Y  1.15262  1.15316  0.77992  2.97358  1.14830  1.00581  1.14140
            0.00000  1.34547  1.39367  0.94782  0.94969  1.13107  1.13560
            1.37348  1.40200  1.15801  0.97190  0.97204  1.00328  0.93447
            0.98021  0.99760  0.95984  0.95707  1.01421  1.02900  1.07529
            1.16021  1.15358  1.09033  1.16998  1.07786  1.14232  1.14063
            1.13282  0.95111  0.76240  0.61863  0.60299  0.47449  0.92965
            0.58319  0.61960  0.48483  0.92209  0.58648  0.62596  0.61621
            1.00630  1.15023  1.14833  0.93198  0.94839  1.13912  0.94945
            1.03827  2.92811  1.15510  0.99587  0.94583  0.96571  1.13657
            0.94031  3.06893  0.97025  1.00122  0.97754  2.97596  3.05015
            0.93047  0.95276  0.94116  2.92478  1.18198  2.93269  1.15997
            0.98339  0.94563  2.96928  0.91630  1.13298  1.14224
AF144692|R  1.16462  1.15843  1.35119  3.13549  1.17355  1.43009  1.15662
            1.34547  0.00000  0.66368  1.41150  1.41061  1.14672  1.14429
            0.54991  0.42790  1.16465  1.43478  1.42687  1.43632  1.36521
            1.46003  1.42385  1.41996  1.43832  1.43273  1.40572  1.15950
            1.18570  1.18168  1.15008  1.17075  1.16149  1.16555  1.15586
            1.16733  1.40617  1.37282  1.34721  1.37800  1.33007  1.38235
            1.32040  1.32765  1.30368  1.41177  1.34052  1.38116  1.32812
            1.43984  1.15044  1.16018  1.38538  1.41364  1.16046  1.41650
            1.47805  3.07658  1.15221  1.42546  1.40362  1.41693  1.15375
            1.38739  3.18149  1.42078  1.39776  1.41581  3.13044  3.08378
            1.46659  1.40854  1.39558  3.03161  1.20098  3.04583  1.19451
            1.42964  1.45563  3.11593  1.35135  1.16545  1.16221
AF160193|A  1.11089  1.11012  1.37042  3.18336  1.12098  1.46408  1.10784
            1.39367  0.66368  0.00000  1.41792  1.40686  1.12315  1.12426
            0.73086  0.72534  1.10216  1.44258  1.46851  1.45952  1.43854
            1.48333  1.47641  1.40861  1.42589  1.47725  1.44000  1.13238
            1.12231  1.18622  1.14229  1.09956  1.13289  1.11530  1.10998
            1.11307  1.43834  1.37316  1.38473  1.41844  1.40866  1.39023
            1.35632  1.37723  1.37023  1.42137  1.36329  1.39956  1.38172
            1.46661  1.10364  1.10421  1.38784  1.39419  1.11538  1.41061
            1.53065  3.08508  1.10445  1.47606  1.40936  1.41143  1.12419
            1.39007  3.11371  1.41599  1.47531  1.41688  3.11089  3.18376
            1.41426  1.40620  1.40266  3.08602  1.14271  3.05932  1.16070
            1.47587  1.46381  3.21003  1.38404  1.12512  1.11153
AF161266|M  1.16032  1.16117  0.99954  3.02074  1.16956  0.67535  1.15227
            0.94782  1.41150  1.41792  0.00000  0.22016  1.17765  1.18143
            1.37955  1.42250  1.16907  0.15096  0.56765  0.38739  0.58755
            0.40692  0.40259  0.23020  0.12573  0.67841  0.66261  1.12558
            1.22248  1.16853  1.12270  1.17010  1.15614  1.18614  1.18555
            1.18396  0.33243  1.03272  0.96209  0.95568  0.92249  0.52700
            0.99606  0.95864  0.92402  0.50743  0.93888  0.99128  0.96047
            0.67156  1.15588  1.15513  0.19180  0.24326  1.17107  0.77194
            0.86115  3.15229  1.15723  0.40108  0.15833  0.41393  1.19293
            0.78092  2.97928  0.41688  0.40323  0.41919  3.30983  3.09701
            0.60316  0.22178  0.21837  3.16355  1.20917  3.16577  1.18935
            0.52169  0.61752  3.11985  0.75759  1.18441  1.17062
AF196835|W  1.11863  1.11806  1.03234  2.90304  1.11263  0.63145  1.11377
            0.94969  1.41061  1.40686  0.22016  0.00000  1.12081  1.15168
            1.41226  1.41000  1.12472  0.22363  0.56282  0.35816  0.59909
            0.38053  0.39257  0.07245  0.21624  0.66074  0.64649  1.12780
            1.20954  1.18124  1.15438  1.14036  1.17191  1.13118  1.14200
            1.13080  0.32603  1.02097  0.97345  0.95454  0.95877  0.51242
            0.98711  0.97566  0.95454  0.48290  0.94442  0.99320  0.97926
            0.65481  1.11809  1.11271  0.16674  0.08746  1.12758  0.78251
            0.87337  3.11937  1.11669  0.39217  0.22020  0.40546  1.16587
            0.77761  2.98478  0.40858  0.39534  0.41429  3.19559  3.07651
            0.57601  0.01711  0.04801  3.03793  1.17047  3.07139  1.17351
            0.53469  0.59995  3.09934  0.75131  1.16034  1.12695
AF253419|L  0.12811  0.12904  1.18262  3.02558  0.14373  1.23209  0.13603
            1.13107  1.14672  1.12315  1.17765  1.12081  0.00000  0.19932
            1.15330  1.13876  0.13738  1.18872  1.13061  1.19155  1.19012
            1.19411  1.18206  1.14156  1.15650  1.24846  1.21903  0.55061
            0.28443  0.49461  0.55878  0.29634  0.54256  0.14825  0.14049
            0.14554  1.15376  1.14470  1.17224  1.16994  1.13960  1.18865
            1.15598  1.16291  1.13011  1.18906  1.16358  1.18923  1.16596
            1.29030  0.12824  0.12892  1.14166  1.14573  0.13960  1.18321
            1.34329  2.93509  0.13362  1.17445  1.16718  1.16398  0.19951
            1.16927  2.90511  1.16737  1.18105  1.17045  2.97679  3.10079
            1.16858  1.12032  1.11761  2.92173  0.15427  2.95328  0.29529
            1.22003  1.20376  3.00119  1.17385  0.23168  0.13797
AF331718|A  0.19682  0.19598  1.18894  3.15831  0.20442  1.23931  0.18615
            1.13560  1.14429  1.12426  1.18143  1.15168  0.19932  0.00000
            1.11508  1.15508  0.20217  1.20522  1.12088  1.19006  1.20912
            1.19697  1.21903  1.17372  1.18591  1.25773  1.20797  0.58026
            0.28383  0.51680  0.55830  0.30122  0.56430  0.20519  0.19325
            0.20162  1.16280  1.16801  1.19294  1.17418  1.15624  1.18834
            1.19825  1.18668  1.15636  1.20566  1.17417  1.20489  1.18741
            1.27670  0.19155  0.19158  1.15003  1.17259  0.19472  1.16747
            1.37542  3.05152  0.19179  1.20832  1.18766  1.20678  0.01931
            1.14792  3.03439  1.21284  1.19251  1.20152  3.07517  3.17191
            1.18977  1.14774  1.14187  2.99416  0.21030  3.05667  0.29417
            1.22990  1.22787  3.19585  1.16845  0.21204  0.19248
AJ242984|M  1.16097  1.15196  1.34815  3.13690  1.17770  1.47015  1.15002
            1.37348  0.54991  0.73086  1.37955  1.41226  1.15330  1.11508
            0.00000  0.56447  1.16623  1.38585  1.47001  1.44099  1.38121
            1.45801  1.46071  1.39760  1.41317  1.49302  1.48387  1.14936
            1.16231  1.21923  1.19955  1.17391  1.16611  1.16563  1.16418
            1.16876  1.43167  1.32313  1.34787  1.40711  1.40022  1.39414
            1.38422  1.38492  1.38752  1.41303  1.32751  1.36948  1.38151
            1.48338  1.15194  1.16017  1.38575  1.39763  1.15500  1.46223
            1.52421  2.97040  1.16131  1.46093  1.39012  1.41005  1.12862
            1.44723  3.05107  1.41458  1.43530  1.41382  3.07418  2.98710
            1.47953  1.40091  1.38019  3.06309  1.19045  3.03631  1.16858
            1.47849  1.49909  3.19475  1.44803  1.14774  1.15379
AJ299445|M  1.16458  1.15813  1.40926  3.17086  1.17073  1.49012  1.14608
            1.40200  0.42790  0.72534  1.42250  1.41000  1.13876  1.15508
            0.56447  0.00000  1.16193  1.43828  1.45388  1.45636  1.45848
            1.48922  1.46575  1.40335  1.43244  1.47910  1.48586  1.13537
            1.18264  1.21292  1.19952  1.17302  1.13431  1.15453  1.15693
            1.15704  1.41600  1.38522  1.39723  1.41804  1.37594  1.42968
            1.39285  1.39426  1.35001  1.40972  1.37046  1.40530  1.39775
            1.51212  1.15020  1.14843  1.40807  1.42838  1.15115  1.47296
            1.53564  3.13610  1.14518  1.47212  1.43214  1.44834  1.15837
            1.45153  3.17685  1.45350  1.44361  1.44885  3.25021  3.18368
            1.46780  1.41309  1.40070  3.21274  1.18187  3.23842  1.20513
            1.48900  1.45855  3.15424  1.43535  1.17503  1.14721
AY438626|O  0.07279  0.07181  1.17099  3.04798  0.03167  1.26710  0.07654
            1.15801  1.16465  1.10216  1.16907  1.12472  0.13738  0.20217
            1.16623  1.16193  0.00000  1.18844  1.13187  1.19726  1.16280
            1.19062  1.17945  1.14958  1.16060  1.27286  1.21389  0.56452
            0.28127  0.51061  0.56039  0.28609  0.55270  0.09144  0.09430
            0.09025  1.15302  1.13703  1.16568  1.16622  1.16509  1.18635
            1.17654  1.16488  1.15590  1.18409  1.16716  1.20039  1.16766
            1.29340  0.07212  0.07392  1.14593  1.13688  0.08072  1.15982
            1.35301  2.99710  0.07284  1.17078  1.18252  1.18892  0.19541
            1.14559  2.91553  1.19353  1.18369  1.18327  2.91322  3.05843
            1.20957  1.12641  1.11610  2.89641  0.10171  2.84923  0.28963
            1.19699  1.23850  3.02880  1.17928  0.23084  0.07850
AY453412|U  1.18391  1.18915  1.01773  2.99905  1.18626  0.67586  1.17974
            0.97190  1.43478  1.44258  0.15096  0.22363  1.18872  1.20522
            1.38585  1.43828  1.18844  0.00000  0.59118  0.38627  0.59851
            0.40695  0.41563  0.23470  0.16607  0.68037  0.67093  1.18138
            1.24609  1.21402  1.18146  1.17316  1.21083  1.19984  1.20485
            1.20221  0.33774  1.04622  0.98590  0.98308  0.95675  0.54614
            1.02295  0.98284  0.96269  0.50926  0.95718  1.01563  0.98676
            0.68496  1.18121  1.18381  0.20494  0.23529  1.19382  0.78481
            0.85643  3.14994  1.18266  0.41300  0.15724  0.42239  1.22006
            0.79222  3.07680  0.42534  0.41321  0.43134  3.20514  3.12440
            0.60697  0.22461  0.22791  3.11736  1.23787  3.12998  1.19712
            0.54582  0.63877  3.14961  0.75981  1.20216  1.18942
AY632538.4  1.13426  1.13485  1.07798  3.06614  1.13135  0.69163  1.11156
            0.97204  1.42687  1.46851  0.56765  0.56282  1.13061  1.12088
            1.47001  1.45388  1.13187  0.59118  0.00000  0.58300  0.60845
            0.58832  0.59790  0.56399  0.58217  0.67152  0.67209  1.13440
            1.21835  1.19797  1.16832  1.13903  1.17818  1.14088  1.13414
            1.13284  0.53929  1.05901  0.99091  0.99075  0.99633  0.54562
            1.04465  1.02326  0.99635  0.54200  0.97911  1.04229  1.02848
            0.68935  1.12922  1.12587  0.55069  0.57681  1.13562  0.79812
            0.87476  3.06462  1.11920  0.59232  0.57807  0.58381  1.13829
            0.77861  3.04586  0.58265  0.61166  0.58960  3.25543  3.10913
            0.60847  0.56078  0.55528  3.02626  1.16399  3.15455  1.14959
            0.49214  0.58592  3.07564  0.74656  1.17725  1.13537
AY632539.4  1.17551  1.17678  1.05021  3.17364  1.18886  0.65440  1.17637
            1.00328  1.43632  1.45952  0.38739  0.35816  1.19155  1.19006
            1.44099  1.45636  1.19726  0.38627  0.58300  0.00000  0.60448
            0.21045  0.37293  0.36546  0.39305  0.65313  0.66525  1.16339
            1.21532  1.18624  1.18573  1.17801  1.17984  1.20959  1.18968
            1.20608  0.31765  1.05849  0.95569  0.98156  0.92574  0.50851
            1.00412  0.98169  0.92366  0.49117  0.93303  1.01903  0.98839
            0.65050  1.17633  1.17343  0.34703  0.36294  1.19473  0.80713
            0.88381  3.22056  1.17630  0.36912  0.37658  0.39410  1.19817
            0.79629  3.13295  0.39733  0.37879  0.39937  3.22245  3.30085
            0.58313  0.35551  0.35625  3.06950  1.22661  3.13696  1.20325
            0.52493  0.61092  3.24784  0.79421  1.22411  1.19457
AY632540|K  1.16450  1.16328  1.02294  3.09378  1.16396  0.67900  1.15833
            0.93447  1.36521  1.43854  0.58755  0.59909  1.19012  1.20912
            1.38121  1.45848  1.16280  0.59851  0.60845  0.60448  0.00000
            0.59530  0.58875  0.61412  0.59716  0.64918  0.65504  1.17504
            1.22670  1.20931  1.20530  1.22904  1.20905  1.17844  1.18536
            1.17389  0.56801  1.04803  0.99438  0.98053  0.92252  0.49564
            0.99673  0.96370  0.94065  0.47231  0.96270  1.00485  0.96437
            0.66224  1.15112  1.15547  0.57133  0.60040  1.16669  0.82978
            0.87509  3.04496  1.16187  0.58578  0.58919  0.58322  1.21117
            0.82628  3.08338  0.58444  0.58328  0.59366  3.06672  3.09385
            0.62218  0.59646  0.59924  2.98042  1.22957  2.96873  1.19333
            0.59503  0.63815  3.24219  0.79640  1.20132  1.16677
AY632542.4  1.19014  1.19253  1.07174  3.09302  1.18100  0.66571  1.17581
            0.98021  1.46003  1.48333  0.40692  0.38053  1.19411  1.19697
            1.45801  1.48922  1.19062  0.40695  0.58832  0.21045  0.59530
            0.00000  0.36776  0.39512  0.41183  0.61980  0.65211  1.17908
            1.21665  1.16937  1.18335  1.19203  1.18903  1.19388  1.19213
            1.19639  0.34825  1.07016  0.96043  0.98734  0.94396  0.51836
            1.01810  1.00341  0.93628  0.49993  0.95758  1.01850  1.00264
            0.64702  1.17627  1.18120  0.36083  0.39313  1.19274  0.75334
            0.82683  3.11785  1.18352  0.36244  0.39162  0.38845  1.19656
            0.75590  3.08575  0.39034  0.37447  0.39142  3.16081  3.23127
            0.59732  0.38065  0.38497  3.06949  1.22864  3.09057  1.19575
            0.53700  0.61779  3.21114  0.78380  1.18799  1.19256
AY632545|B  1.17048  1.17380  1.04292  3.03839  1.17278  0.70050  1.16872
            0.99760  1.42385  1.47641  0.40259  0.39257  1.18206  1.21903
            1.46071  1.46575  1.17945  0.41563  0.59790  0.37293  0.58875
            0.36776  0.00000  0.39408  0.40371  0.67818  0.67381  1.20137
            1.22187  1.18798  1.20363  1.19273  1.21668  1.18728  1.18853
            1.18782  0.36745  1.04650  0.96544  0.97250  0.95913  0.57247
            1.01114  0.97947  0.94845  0.53422  0.94636  1.02152  0.98154
            0.68343  1.16308  1.15303  0.36249  0.39885  1.18001  0.82660
            0.84819  3.16499  1.16905  0.00700  0.39245  0.14602  1.22289
            0.81909  3.03006  0.14790  0.08263  0.15195  3.30043  3.21754
            0.62674  0.39551  0.37998  3.13445  1.23031  3.13732  1.18219
            0.56551  0.62793  3.20959  0.80571  1.21074  1.18202
AY765264|W  1.15031  1.14962  1.04535  2.97415  1.13651  0.63871  1.14214
            0.95984  1.41996  1.40861  0.23020  0.07245  1.14156  1.17372
            1.39760  1.40335  1.14958  0.23470  0.56399  0.36546  0.61412
            0.39512  0.39408  0.00000  0.23058  0.66126  0.65330  1.12942
            1.23244  1.18795  1.14904  1.14970  1.17230  1.15792  1.16400
            1.16062  0.33173  1.02408  0.97554  0.96068  0.95756  0.52886
            0.99700  0.98638  0.96371  0.51182  0.95594  1.01523  0.99113
            0.67024  1.15072  1.14260  0.17293  0.10772  1.16121  0.77884
            0.87446  3.15076  1.14336  0.39368  0.23407  0.41057  1.19214
            0.78482  3.04111  0.41372  0.39854  0.41591  3.27938  3.13287
            0.57976  0.07757  0.06921  3.11100  1.19617  3.15310  1.18313
            0.53270  0.60515  3.13594  0.75623  1.18413  1.16057
AY898809|A  1.15108  1.14889  1.01292  2.97370  1.15648  0.67786  1.13633
            0.95707  1.43832  1.42589  0.12573  0.21624  1.15650  1.18591
            1.41317  1.43244  1.16060  0.16607  0.58217  0.39305  0.59716
            0.41183  0.40371  0.23058  0.00000  0.67685  0.66746  1.13544
            1.22491  1.18518  1.14818  1.16363  1.17167  1.16876  1.16618
            1.16823  0.34395  1.03425  0.95045  0.95070  0.90086  0.53161
            1.00199  0.95513  0.91697  0.50916  0.92890  0.97779  0.95724
            0.67020  1.15058  1.14750  0.20016  0.24935  1.16387  0.77287
            0.87252  3.17893  1.14698  0.40223  0.17897  0.41426  1.19656
            0.77614  3.07217  0.41720  0.40398  0.42223  3.26254  3.15383
            0.61453  0.21669  0.21910  3.16363  1.19644  3.12471  1.18391
            0.53101  0.62524  3.09422  0.75555  1.17147  1.16196
M93130|DEN  1.26486  1.27357  1.09954  3.12138  1.27618  0.26557  1.26160
            1.01421  1.43273  1.47725  0.67841  0.66074  1.24846  1.25773
            1.49302  1.47910  1.27286  0.68037  0.67152  0.65313  0.64918
            0.61980  0.67818  0.66126  0.67685  0.00000  0.31586  1.26144
            1.24297  1.28094  1.24216  1.24864  1.25703  1.25922  1.26480
            1.25387  0.63534  1.13382  1.02634  1.02573  0.99995  0.56947
            1.07902  1.00915  0.98594  0.59943  1.01586  1.06473  1.01682
            0.18145  1.25267  1.25490  0.65037  0.66226  1.25695  0.91408
            0.93807  3.02378  1.25729  0.67682  0.66625  0.66354  1.26840
            0.90418  3.12618  0.66669  0.66901  0.67487  3.12401  3.07763
            0.73098  0.65637  0.65435  3.09349  1.30077  3.07548  1.26548
            0.66294  0.72257  3.17151  0.87819  1.25644  1.25739
M14931|DEN  1.22274  1.22382  1.09095  3.16544  1.22076  0.31227  1.21209
            1.02900  1.40572  1.44000  0.66261  0.64649  1.21903  1.20797
            1.48387  1.48586  1.21389  0.67093  0.67209  0.66525  0.65504
            0.65211  0.67381  0.65330  0.66746  0.31586  0.00000  1.23779
            1.19681  1.22659  1.23593  1.21832  1.22071  1.21670  1.22111
            1.20947  0.64112  1.11454  1.03330  1.00339  1.01859  0.55092
            1.05400  0.98476  1.00435  0.57877  0.99689  1.02918  0.99514
            0.33051  1.20604  1.20906  0.65493  0.65722  1.20565  0.90150
            0.94418  2.98734  1.21410  0.67010  0.65407  0.65417  1.21327
            0.88453  3.23225  0.65787  0.66448  0.66109  3.11498  3.14624
            0.69659  0.64484  0.64321  3.07441  1.26128  3.00464  1.21951
            0.66671  0.70682  3.12913  0.85169  1.23358  1.20578
DQ235144|M  0.56408  0.55922  1.10003  3.08210  0.55886  1.23861  0.55914
            1.07529  1.15950  1.13238  1.12558  1.12780  0.55061  0.58026
            1.14936  1.13537  0.56452  1.18138  1.13440  1.16339  1.17504
            1.17908  1.20137  1.12942  1.13544  1.26144  1.23779  0.00000
            0.60893  0.55536  0.26153  0.58700  0.24324  0.57356  0.55719
            0.56616  1.15075  1.10810  1.14807  1.14495  1.07031  1.12535
            1.16884  1.13926  1.05974  1.12068  1.12243  1.15187  1.14136
            1.27848  0.56398  0.55700  1.13804  1.13447  0.56540  1.19392
            1.28955  3.01565  0.56211  1.19995  1.11852  1.17858  0.57129
            1.14457  2.99391  1.18237  1.18685  1.17876  3.10036  3.08861
            1.17289  1.13346  1.12629  3.00262  0.57999  2.92372  0.60978
            1.18690  1.19033  3.07456  1.12617  0.57683  0.56028
DQ235145|G  0.28115  0.27826  1.20395  3.21029  0.28684  1.22604  0.26848
            1.16021  1.18570  1.12231  1.22248  1.20954  0.28443  0.28383
            1.16231  1.18264  0.28127  1.24609  1.21835  1.21532  1.22670
            1.21665  1.22187  1.23244  1.22491  1.24297  1.19681  0.60893
            0.00000  0.53121  0.59966  0.30896  0.59759  0.27984  0.27592
            0.27462  1.15499  1.14508  1.16819  1.17576  1.19692  1.19482
            1.18668  1.17222  1.17561  1.22856  1.18304  1.20946  1.17845
            1.27985  0.27494  0.26938  1.21340  1.21276  0.27259  1.19600
            1.35853  3.08546  0.27216  1.21084  1.21829  1.23143  0.28030
            1.18966  3.05586  1.23595  1.20795  1.22545  3.09150  3.17456
            1.21330  1.21006  1.20958  3.04836  0.29163  2.92817  0.32189
            1.24214  1.22156  3.03119  1.19055  0.26628  0.27033
DQ235146|K  0.49363  0.48922  1.17819  3.14235  0.50478  1.26597  0.49682
            1.15358  1.18168  1.18622  1.16853  1.18124  0.49461  0.51680
            1.21923  1.21292  0.51061  1.21402  1.19797  1.18624  1.20931
            1.16937  1.18798  1.18795  1.18518  1.28094  1.22659  0.55536
            0.53121  0.00000  0.54428  0.54393  0.55514  0.52126  0.50336
            0.51786  1.16868  1.18075  1.20843  1.21748  1.16681  1.19176
            1.20986  1.20135  1.15474  1.16233  1.19916  1.22849  1.20599
            1.28987  0.49033  0.48793  1.17749  1.16830  0.50578  1.18922
            1.35912  3.09728  0.49811  1.17555  1.17360  1.18625  0.51527
            1.19349  3.16846  1.19204  1.18376  1.18259  3.16141  3.23321
            1.19663  1.17679  1.18073  3.05194  0.52343  3.13787  0.55166
            1.25753  1.25042  3.17173  1.22342  0.55636  0.50543
DQ235148|T  0.56075  0.55436  1.15517  3.11069  0.55611  1.23170  0.56214
            1.09033  1.15008  1.14229  1.12270  1.15438  0.55878  0.55830
            1.19955  1.19952  0.56039  1.18146  1.16832  1.18573  1.20530
            1.18335  1.20363  1.14904  1.14818  1.24216  1.23593  0.26153
            0.59966  0.54428  0.00000  0.57765  0.25670  0.56722  0.55807
            0.55991  1.16975  1.12948  1.19682  1.21185  1.13002  1.15508
            1.18532  1.18533  1.11185  1.18921  1.16750  1.20145  1.18582
            1.25383  0.55742  0.55727  1.14771  1.15985  0.56146  1.20965
            1.29113  3.06900  0.56063  1.20261  1.13052  1.20594  0.55358
            1.14622  2.95994  1.20982  1.19785  1.20223  3.09792  3.15500
            1.20258  1.16030  1.14907  3.06684  0.58340  3.04329  0.61828
            1.20572  1.21618  3.10670  1.14247  0.59200  0.55584
DQ235149|R  0.29236  0.29075  1.19696  3.12407  0.28405  1.24669  0.28100
            1.16998  1.17075  1.09956  1.17010  1.14036  0.29634  0.30122
            1.17391  1.17302  0.28609  1.17316  1.13903  1.17801  1.22904
            1.19203  1.19273  1.14970  1.16363  1.24864  1.21832  0.58700
            0.30896  0.54393  0.57765  0.00000  0.57435  0.29336  0.28271
            0.28721  1.15479  1.16299  1.16383  1.19682  1.18495  1.18251
            1.19818  1.18284  1.17802  1.19322  1.17924  1.20826  1.18833
            1.27272  0.28578  0.28017  1.16534  1.13953  0.28722  1.16549
            1.37516  3.07665  0.28259  1.18461  1.18080  1.17750  0.29660
            1.14425  3.08526  1.18208  1.18973  1.18137  3.10480  3.21495
            1.18480  1.14523  1.13931  3.00683  0.30927  2.99778  0.27067
            1.19510  1.21735  3.20106  1.15341  0.29410  0.28768
DQ235150|S  0.54746  0.54064  1.16478  3.09309  0.54347  1.26035  0.54114
            1.07786  1.16149  1.13289  1.15614  1.17191  0.54256  0.56430
            1.16611  1.13431  0.55270  1.21083  1.17818  1.17984  1.20905
            1.18903  1.21668  1.17230  1.17167  1.25703  1.22071  0.24324
            0.59759  0.55514  0.25670  0.57435  0.00000  0.55291  0.53738
            0.54381  1.15051  1.17229  1.16733  1.19442  1.10254  1.14371
            1.17462  1.16016  1.07744  1.16281  1.16368  1.18296  1.16207
            1.25075  0.54367  0.54106  1.16687  1.17512  0.54072  1.22256
            1.32768  2.97450  0.54223  1.21242  1.16487  1.20032  0.55845
            1.15734  3.08587  1.20420  1.20603  1.20173  3.13293  3.10371
            1.20487  1.17537  1.17889  3.07590  0.55922  3.01904  0.61554
            1.20630  1.23132  3.12680  1.15198  0.58108  0.53625
DQ235151|T  0.06530  0.06384  1.16330  3.05564  0.09315  1.28050  0.05821
            1.14232  1.16555  1.11530  1.18614  1.13118  0.14825  0.20519
            1.16563  1.15453  0.09144  1.19984  1.14088  1.20959  1.17844
            1.19388  1.18728  1.15792  1.16876  1.25922  1.21670  0.57356
            0.27984  0.52126  0.56722  0.29336  0.55291  0.00000  0.05574
            0.01518  1.16223  1.15679  1.13888  1.16402  1.16843  1.20539
            1.17851  1.13106  1.15906  1.20007  1.15766  1.16651  1.13107
            1.31353  0.06170  0.06053  1.13740  1.15923  0.04826  1.18282
            1.35696  2.98813  0.05620  1.17844  1.18683  1.19986  0.20155
            1.16023  2.94520  1.20315  1.18286  1.19502  2.98645  3.07700
            1.21611  1.12971  1.13484  2.95296  0.06974  2.90599  0.29719
            1.22875  1.22528  3.07754  1.19171  0.22990  0.04768
DQ235152|S  0.05989  0.05993  1.18062  3.04649  0.09279  1.28323  0.05685
            1.14063  1.15586  1.10998  1.18555  1.14200  0.14049  0.19325
            1.16418  1.15693  0.09430  1.20485  1.13414  1.18968  1.18536
            1.19213  1.18853  1.16400  1.16618  1.26480  1.22111  0.55719
            0.27592  0.50336  0.55807  0.28271  0.53738  0.05574  0.00000
            0.05080  1.15302  1.17286  1.15283  1.17773  1.16702  1.18468
            1.17558  1.16003  1.16120  1.19605  1.16249  1.18576  1.15982
            1.30567  0.05771  0.05528  1.14882  1.17438  0.04012  1.16505
            1.35276  2.97643  0.05575  1.17978  1.18155  1.19097  0.19158
            1.13794  2.95292  1.19425  1.18658  1.18582  2.96389  3.12339
            1.21125  1.13897  1.13919  2.91228  0.04060  2.88674  0.28834
            1.21688  1.21700  3.04425  1.18126  0.22623  0.04112
DQ235153|G  0.06083  0.05923  1.16441  3.04534  0.08783  1.27402  0.05219
            1.13282  1.16733  1.11307  1.18396  1.13080  0.14554  0.20162
            1.16876  1.15704  0.09025  1.20221  1.13284  1.20608  1.17389
            1.19639  1.18782  1.16062  1.16823  1.25387  1.20947  0.56616
            0.27462  0.51786  0.55991  0.28721  0.54381  0.01518  0.05080
            0.00000  1.15967  1.15694  1.14019  1.16298  1.16593  1.19474
            1.17216  1.13820  1.15438  1.19036  1.15573  1.16571  1.13799
            1.30615  0.05604  0.05488  1.13885  1.16043  0.04289  1.18068
            1.35114  2.97728  0.05168  1.17894  1.18637  1.19757  0.19771
            1.15836  2.94015  1.20085  1.18443  1.19274  2.97451  3.07578
            1.21078  1.12933  1.13377  2.93247  0.06464  2.89341  0.29326
            1.22911  1.22318  3.04559  1.19368  0.22616  0.04126
DQ359217|S  1.14515  1.14149  1.01104  3.04273  1.14942  0.63133  1.15005
            0.95111  1.40617  1.43834  0.33243  0.32603  1.15376  1.16280
            1.43167  1.41600  1.15302  0.33774  0.53929  0.31765  0.56801
            0.34825  0.36745  0.33173  0.34395  0.63534  0.64112  1.15075
            1.15499  1.16868  1.16975  1.15479  1.15051  1.16223  1.15302
            1.15967  0.00000  1.03443  0.97818  0.96519  0.92234  0.49930
            1.01404  0.97283  0.91996  0.46555  0.95568  1.00308  0.97464
            0.63737  1.13834  1.13542  0.30960  0.34544  1.15550  0.74594
            0.83117  3.07147  1.15029  0.36473  0.34907  0.36985  1.17690
            0.76929  3.01593  0.37286  0.37541  0.37494  3.28321  3.09529
            0.59324  0.32909  0.32581  3.10929  1.19018  3.18395  1.18646
            0.51065  0.57522  3.13432  0.74208  1.16460  1.15639
DQ837641|E  1.15353  1.14909  0.36340  3.02233  1.15016  1.13920  1.14455
            0.76240  1.37282  1.37316  1.03272  1.02097  1.14470  1.16801
            1.32313  1.38522  1.13703  1.04622  1.05901  1.05849  1.04803
            1.07016  1.04650  1.02408  1.03425  1.13382  1.11454  1.10810
            1.14508  1.18075  1.12948  1.16299  1.17229  1.15679  1.17286
            1.15694  1.03443  0.00000  0.85893  0.85942  0.77344  0.99362
            0.84762  0.85669  0.78442  1.02444  0.82254  0.86736  0.85371
            1.14893  1.15768  1.15239  1.01408  1.01690  1.16381  1.05993
            1.14365  2.94721  1.15598  1.04447  1.02418  1.03111  1.17787
            1.05871  3.08857  1.03591  1.06154  1.04247  3.14236  2.91591
            1.06172  1.02063  1.01453  3.07416  1.19634  3.13711  1.18938
            1.08320  1.07212  3.10472  1.02960  1.16478  1.16204
DQ859056|B  1.15484  1.15001  0.85681  2.92991  1.16338  1.04915  1.15342
            0.61863  1.34721  1.38473  0.96209  0.97345  1.17224  1.19294
            1.34787  1.39723  1.16568  0.98590  0.99091  0.95569  0.99438
            0.96043  0.96544  0.97554  0.95045  1.02634  1.03330  1.14807
            1.16819  1.20843  1.19682  1.16383  1.16733  1.13888  1.15283
            1.14019  0.97818  0.85893  0.00000  0.28158  0.53922  0.93461
            0.44287  0.23050  0.54254  0.92064  0.15853  0.22077  0.22924
            1.02738  1.15025  1.14749  0.95867  0.97364  1.15763  0.98429
            1.06518  2.79813  1.15241  0.95776  0.97813  0.93676  1.18889
            0.96365  2.93481  0.94036  0.95993  0.95221  3.11755  2.78693
            0.97213  0.97117  0.96170  2.95518  1.19653  2.94115  1.16355
            0.97235  0.98123  2.96290  0.97410  1.17809  1.15671
DQ859057|B  1.16763  1.16962  0.83614  2.89647  1.16779  1.06697  1.18020
            0.60299  1.37800  1.41844  0.95568  0.95454  1.16994  1.17418
            1.40711  1.41804  1.16622  0.98308  0.99075  0.98156  0.98053
            0.98734  0.97250  0.96068  0.95070  1.02573  1.00339  1.14495
            1.17576  1.21748  1.21185  1.19682  1.19442  1.16402  1.17773
            1.16298  0.96519  0.85942  0.28158  0.00000  0.56722  0.93378
            0.48393  0.31472  0.56132  0.94851  0.28423  0.33468  0.31521
            1.03855  1.17544  1.17446  0.95901  0.93965  1.17610  1.02417
            1.11993  2.84154  1.18681  0.96613  0.99129  0.93307  1.16892
            1.01311  3.01501  0.93731  0.98097  0.93960  3.07709  2.85907
            0.96366  0.95265  0.93363  2.99035  1.21308  2.99429  1.16138
            0.99270  0.95949  2.94310  0.97979  1.18826  1.17596
DQ859058|W  1.16628  1.16736  0.77311  2.98913  1.14982  1.00239  1.16584
            0.47449  1.33007  1.40866  0.92249  0.95877  1.13960  1.15624
            1.40022  1.37594  1.16509  0.95675  0.99633  0.92574  0.92252
            0.94396  0.95913  0.95756  0.90086  0.99995  1.01859  1.07031
            1.19692  1.16681  1.13002  1.18495  1.10254  1.16843  1.16702
            1.16593  0.92234  0.77344  0.53922  0.56722  0.00000  0.90893
            0.49486  0.54616  0.11031  0.87942  0.53617  0.54053  0.54387
            0.99623  1.17491  1.17754  0.92338  0.95876  1.16783  0.92707
            1.05676  2.88373  1.18097  0.95640  0.91826  0.95076  1.16783
            0.91040  2.95712  0.95503  0.94488  0.95902  2.99508  2.97972
            0.94979  0.95619  0.94141  2.99967  1.19758  2.90444  1.16322
            0.99089  0.95190  3.02076  0.89711  1.16103  1.16559
DQ859059|Z  1.18705  1.19222  1.00970  2.98357  1.17765  0.56757  1.17888
            0.92965  1.38235  1.39023  0.52700  0.51242  1.18865  1.18834
            1.39414  1.42968  1.18635  0.54614  0.54562  0.50851  0.49564
            0.51836  0.57247  0.52886  0.53161  0.56947  0.55092  1.12535
            1.19482  1.19176  1.15508  1.18251  1.14371  1.20539  1.18468
            1.19474  0.49930  0.99362  0.93461  0.93378  0.90893  0.00000
            0.95724  0.90987  0.90122  0.23539  0.90984  0.95937  0.91479
            0.58704  1.18662  1.17793  0.51515  0.51784  1.19150  0.79498
            0.82972  3.02313  1.18680  0.56770  0.53594  0.54208  1.19440
            0.79741  3.06231  0.54470  0.58410  0.55545  3.25908  3.10054
            0.54322  0.51180  0.51725  3.07878  1.21152  3.09562  1.20004
            0.53143  0.54709  3.03661  0.73566  1.17768  1.19127
DQ859060|E  1.16714  1.16836  0.84227  2.95431  1.17092  1.07423  1.16532
            0.58319  1.32040  1.35632  0.99606  0.98711  1.15598  1.19825
            1.38422  1.39285  1.17654  1.02295  1.04465  1.00412  0.99673
            1.01810  1.01114  0.99700  1.00199  1.07902  1.05400  1.16884
            1.18668  1.20986  1.18532  1.19818  1.17462  1.17851  1.17558
            1.17216  1.01404  0.84762  0.44287  0.48393  0.49486  0.95724
            0.00000  0.44946  0.49915  0.95474  0.44683  0.45242  0.44658
            1.05425  1.17443  1.16253  0.99490  0.96875  1.16704  0.98965
            1.07107  2.87905  1.17496  1.00554  1.02678  0.98545  1.20079
            0.97853  3.07623  0.99035  0.99139  0.99471  3.10416  2.88014
            1.01844  0.98201  0.97259  3.03657  1.20330  3.04842  1.19519
            1.01086  1.01239  2.98119  0.93934  1.21609  1.16484
DQ859062|S  1.15007  1.15000  0.83602  2.88508  1.16220  1.00792  1.14083
            0.61960  1.32765  1.37723  0.95864  0.97566  1.16291  1.18668
            1.38492  1.39426  1.16488  0.98284  1.02326  0.98169  0.96370
            1.00341  0.97947  0.98638  0.95513  1.00915  0.98476  1.13926
            1.17222  1.20135  1.18533  1.18284  1.16016  1.13106  1.16003
            1.13820  0.97283  0.85669  0.23050  0.31472  0.54616  0.90987
            0.44946  0.00000  0.54849  0.92940  0.22827  0.11790  0.00749
            0.98461  1.14887  1.13971  0.95530  0.95892  1.15463  1.01467
            1.05810  2.84838  1.14768  0.97497  0.96974  0.95032  1.17820
            1.00782  3.04367  0.95546  0.97991  0.96551  3.11737  2.83374
            0.98416  0.97570  0.96628  2.96505  1.19465  2.94103  1.15299
            0.98900  1.00180  3.02769  1.00872  1.16132  1.15438
DQ859063|S  1.14975  1.15090  0.77328  3.03814  1.14224  1.00899  1.15825
            0.48483  1.30368  1.37023  0.92402  0.95454  1.13011  1.15636
            1.38752  1.35001  1.15590  0.96269  0.99635  0.92366  0.94065
            0.93628  0.94845  0.96371  0.91697  0.98594  1.00435  1.05974
            1.17561  1.15474  1.11185  1.17802  1.07744  1.15906  1.16120
            1.15438  0.91996  0.78442  0.54254  0.56132  0.11031  0.90122
            0.49915  0.54849  0.00000  0.87775  0.54087  0.55269  0.54513
            0.97083  1.15776  1.16006  0.92989  0.95183  1.16695  0.95043
            1.05459  2.89484  1.16891  0.94326  0.92392  0.93347  1.16696
            0.92894  2.97374  0.93768  0.93886  0.94318  3.01323  3.00308
            0.92941  0.95105  0.95477  3.02551  1.19625  2.93421  1.16316
            0.98613  0.95174  3.05836  0.91550  1.16016  1.16863
DQ859064|S  1.18033  1.18598  1.03781  2.97770  1.17210  0.58672  1.17912
            0.92209  1.41177  1.42137  0.50743  0.48290  1.18906  1.20566
            1.41303  1.40972  1.18409  0.50926  0.54200  0.49117  0.47231
            0.49993  0.53422  0.51182  0.50916  0.59943  0.57877  1.12068
            1.22856  1.16233  1.18921  1.19322  1.16281  1.20007  1.19605
            1.19036  0.46555  1.02444  0.92064  0.94851  0.87942  0.23539
            0.95474  0.92940  0.87775  0.00000  0.88579  0.96819  0.92879
            0.59878  1.17529  1.16987  0.47946  0.49846  1.18776  0.77838
            0.79396  2.92921  1.18266  0.53092  0.51086  0.51996  1.21109
            0.79135  3.09765  0.52335  0.53034  0.52925  3.19892  3.06961
            0.53722  0.48213  0.48357  3.03277  1.21267  3.10684  1.23217
            0.49207  0.54392  3.10116  0.72643  1.20851  1.18517
DQ859065|U  1.16618  1.16316  0.85162  2.93044  1.17122  1.00866  1.16629
            0.58648  1.34052  1.36329  0.93888  0.94442  1.16358  1.17417
            1.32751  1.37046  1.16716  0.95718  0.97911  0.93303  0.96270
            0.95758  0.94636  0.95594  0.92890  1.01586  0.99689  1.12243
            1.18304  1.19916  1.16750  1.17924  1.16368  1.15766  1.16249
            1.15573  0.95568  0.82254  0.15853  0.28423  0.53617  0.90984
            0.44683  0.22827  0.54087  0.88579  0.00000  0.21648  0.23031
            0.99020  1.16345  1.16049  0.93529  0.93441  1.16199  0.99880
            1.05228  2.83433  1.16869  0.94172  0.96467  0.93601  1.17636
            0.97249  2.91099  0.94108  0.94102  0.94800  3.07717  2.88072
            0.97098  0.94248  0.92859  2.99295  1.19330  2.93822  1.15672
            0.95594  0.96771  2.92339  0.96883  1.17441  1.16010
DQ859066|J  1.18627  1.18479  0.85179  2.94599  1.19680  1.07332  1.18086
            0.62596  1.38116  1.39956  0.99128  0.99320  1.18923  1.20489
            1.36948  1.40530  1.20039  1.01563  1.04229  1.01903  1.00485
            1.01850  1.02152  1.01523  0.97779  1.06473  1.02918  1.15187
            1.20946  1.22849  1.20145  1.20826  1.18296  1.16651  1.18576
            1.16571  1.00308  0.86736  0.22077  0.33468  0.54053  0.95937
            0.45242  0.11790  0.55269  0.96819  0.21648  0.00000  0.11537
            1.03878  1.17906  1.18287  0.99437  0.99249  1.17918  1.02234
            1.08350  2.85517  1.18351  1.01686  1.00516  0.97675  1.19739
            1.00381  2.99695  0.98138  1.02747  1.00112  3.10967  2.82722
            1.00289  0.99452  0.99490  2.97906  1.22635  2.93779  1.18320
            1.02920  0.98968  2.98086  1.04432  1.18260  1.17956
DQ859067|P  1.14986  1.14978  0.83685  2.88288  1.16223  1.01381  1.14311
            0.61621  1.32812  1.38172  0.96047  0.97926  1.16596  1.18741
            1.38151  1.39775  1.16766  0.98676  1.02848  0.98839  0.96437
            1.00264  0.98154  0.99113  0.95724  1.01682  0.99514  1.14136
            1.17845  1.20599  1.18582  1.18833  1.16207  1.13107  1.15982
            1.13799  0.97464  0.85371  0.22924  0.31521  0.54387  0.91479
            0.44658  0.00749  0.54513  0.92879  0.23031  0.11537  0.00000
            0.99547  1.15116  1.14198  0.95704  0.96308  1.15441  1.01612
            1.05818  2.83775  1.14997  0.97703  0.96992  0.95191  1.17772
            1.00879  3.05500  0.95707  0.98093  0.96713  3.12956  2.82633
            0.99044  0.97931  0.96788  2.96174  1.19443  2.94908  1.16092
            0.99483  1.00578  3.01877  1.01552  1.16412  1.15417
U88536|DEN  1.29291  1.29580  1.09538  3.08739  1.29265  0.27593  1.29004
            1.00630  1.43984  1.46661  0.67156  0.65481  1.29030  1.27670
            1.48338  1.51212  1.29340  0.68496  0.68935  0.65050  0.66224
            0.64702  0.68343  0.67024  0.67020  0.18145  0.33051  1.27848
            1.27985  1.28987  1.25383  1.27272  1.25075  1.31353  1.30567
            1.30615  0.63737  1.14893  1.02738  1.03855  0.99623  0.58704
            1.05425  0.98461  0.97083  0.59878  0.99020  1.03878  0.99547
            0.00000  1.29092  1.28835  0.65023  0.66566  1.29821  0.91159
            0.94022  2.99697  1.28797  0.68079  0.67849  0.66637  1.28701
            0.89870  3.15253  0.66794  0.68038  0.67909  3.13365  3.14222
            0.73042  0.65801  0.65973  3.05002  1.34695  3.07180  1.29005
            0.66868  0.73258  3.20860  0.88181  1.27536  1.30181
EF469661|T  0.02342  0.02343  1.16980  3.00975  0.07668  1.28014  0.03371
            1.15023  1.15044  1.10364  1.15588  1.11809  0.12824  0.19155
            1.15194  1.15020  0.07212  1.18121  1.12922  1.17633  1.15112
            1.17627  1.16308  1.15072  1.15058  1.25267  1.20604  0.56398
            0.27494  0.49033  0.55742  0.28578  0.54367  0.06170  0.05771
            0.05604  1.13834  1.15768  1.15025  1.17544  1.17491  1.18662
            1.17443  1.14887  1.15776  1.17529  1.16345  1.17906  1.15116
            1.29092  0.00000  0.02236  1.13539  1.13757  0.04311  1.15431
            1.34540  2.96075  0.03319  1.15437  1.15744  1.17216  0.19076
            1.14636  2.89024  1.17647  1.16477  1.17227  2.93493  3.04156
            1.19956  1.11808  1.12000  2.87298  0.06377  2.85451  0.27805
            1.19210  1.20486  3.02495  1.18168  0.21674  0.04510
EF469662|T  0.02756  0.02548  1.17545  3.02279  0.07544  1.27150  0.03156
            1.14833  1.16018  1.10421  1.15513  1.11271  0.12892  0.19158
            1.16017  1.14843  0.07392  1.18381  1.12587  1.17343  1.15547
            1.18120  1.15303  1.14260  1.14750  1.25490  1.20906  0.55700
            0.26938  0.48793  0.55727  0.28017  0.54106  0.06053  0.05528
            0.05488  1.13542  1.15239  1.14749  1.17446  1.17754  1.17793
            1.16253  1.13971  1.16006  1.16987  1.16049  1.18287  1.14198
            1.28835  0.02236  0.00000  1.12519  1.13181  0.04317  1.15741
            1.34457  2.99338  0.03051  1.14437  1.15407  1.16838  0.19114
            1.14708  2.91272  1.17270  1.16343  1.16504  2.94024  3.06518
            1.19968  1.11237  1.11202  2.88001  0.06572  2.86858  0.27722
            1.20688  1.21260  3.02723  1.18288  0.21816  0.04526
EU082199|Y  1.13416  1.13245  1.00655  2.94107  1.13905  0.64969  1.12017
            0.93198  1.38538  1.38784  0.19180  0.16674  1.14166  1.15003
            1.38575  1.40807  1.14593  0.20494  0.55069  0.34703  0.57133
            0.36083  0.36249  0.17293  0.20016  0.65037  0.65493  1.13804
            1.21340  1.17749  1.14771  1.16534  1.16687  1.13740  1.14882
            1.13885  0.30960  1.01408  0.95867  0.95901  0.92338  0.51515
            0.99490  0.95530  0.92989  0.47946  0.93529  0.99437  0.95704
            0.65023  1.13539  1.12519  0.00000  0.19243  1.13918  0.79271
            0.84443  3.01087  1.12224  0.36146  0.19558  0.38493  1.16687
            0.80089  2.98161  0.38774  0.36586  0.39059  3.25639  3.09068
            0.57545  0.17077  0.17158  3.05444  1.18476  3.11267  1.18277
            0.52442  0.60457  3.04846  0.74045  1.17708  1.13782
EU082200|K  1.13840  1.14019  1.02738  2.97687  1.13117  0.65670  1.13760
            0.94839  1.41364  1.39419  0.24326  0.08746  1.14573  1.17259
            1.39763  1.42838  1.13688  0.23529  0.57681  0.36294  0.60040
            0.39313  0.39885  0.10772  0.24935  0.66226  0.65722  1.13447
            1.21276  1.16830  1.15985  1.13953  1.17512  1.15923  1.17438
            1.16043  0.34544  1.01690  0.97364  0.93965  0.95876  0.51784
            0.96875  0.95892  0.95183  0.49846  0.93441  0.99249  0.96308
            0.66566  1.13757  1.13181  0.19243  0.00000  1.15611  0.78577
            0.88892  3.12007  1.14272  0.39857  0.23938  0.40996  1.19098
            0.78812  3.02230  0.41310  0.40230  0.41592  3.22669  3.15837
            0.58843  0.08987  0.08723  3.10161  1.20224  3.10173  1.17810
            0.53429  0.61700  3.14142  0.76362  1.16550  1.15662
FJ572210|T  0.05039  0.05001  1.17280  3.04713  0.08142  1.28255  0.04716
            1.13912  1.16046  1.11538  1.17107  1.12758  0.13960  0.19472
            1.15500  1.15115  0.08072  1.19382  1.13562  1.19473  1.16669
            1.19274  1.18001  1.16121  1.16387  1.25695  1.20565  0.56540
            0.27259  0.50578  0.56146  0.28722  0.54072  0.04826  0.04012
            0.04289  1.15550  1.16381  1.15763  1.17610  1.16783  1.19150
            1.16704  1.15463  1.16695  1.18776  1.16199  1.17918  1.15441
            1.29821  0.04311  0.04317  1.13918  1.15611  0.00000  1.17803
            1.34940  2.98917  0.04506  1.17133  1.17636  1.18200  0.19217
            1.15931  2.94245  1.18525  1.17467  1.18204  2.96281  3.07795
            1.20891  1.12669  1.13318  2.88735  0.04931  2.88647  0.28831
            1.21421  1.20694  3.02759  1.19562  0.21952  0.00602
FJ606789|L  1.16764  1.16835  1.06955  2.99205  1.16156  0.91817  1.16117
            0.94945  1.41650  1.41061  0.77194  0.78251  1.18321  1.16747
            1.46223  1.47296  1.15982  0.78481  0.79812  0.80713  0.82978
            0.75334  0.82660  0.77884  0.77287  0.91408  0.90150  1.19392
            1.19600  1.18922  1.20965  1.16549  1.22256  1.18282  1.16505
            1.18068  0.74594  1.05993  0.98429  1.02417  0.92707  0.79498
            0.98965  1.01467  0.95043  0.77838  0.99880  1.02234  1.01612
            0.91159  1.15431  1.15741  0.79271  0.78577  1.17803  0.00000
            0.91406  2.92347  1.17571  0.82365  0.77895  0.78937  1.16660
            0.11184  3.16654  0.79165  0.81216  0.79646  3.22852  2.99369
            0.80449  0.78228  0.76963  3.07720  1.19724  3.04658  1.22181
            0.78521  0.83562  3.06397  0.42168  1.18979  1.16850
FJ711167|N  1.35189  1.35373  1.19617  3.22476  1.34325  0.98259  1.33446
            1.03827  1.47805  1.53065  0.86115  0.87337  1.34329  1.37542
            1.52421  1.53564  1.35301  0.85643  0.87476  0.88381  0.87509
            0.82683  0.84819  0.87446  0.87252  0.93807  0.94418  1.28955
            1.35853  1.35912  1.29113  1.37516  1.32768  1.35696  1.35276
            1.35114  0.83117  1.14365  1.06518  1.11993  1.05676  0.82972
            1.07107  1.05810  1.05459  0.79396  1.05228  1.08350  1.05818
            0.94022  1.34540  1.34457  0.84443  0.88892  1.34940  0.91406
            0.00000  3.10562  1.34980  0.84230  0.86578  0.85357  1.39277
            0.91367  3.27227  0.85875  0.85850  0.85937  3.25185  3.08850
            0.88509  0.86561  0.85650  3.12595  1.38293  3.19013  1.35080
            0.85797  0.90865  3.21560  0.89695  1.34336  1.35067
GQ165809|N  2.96167  2.96996  2.89935  0.70318  2.96342  3.04307  2.98238
            2.92811  3.07658  3.08508  3.15229  3.11937  2.93509  3.05152
            2.97040  3.13610  2.99710  3.14994  3.06462  3.22056  3.04496
            3.11785  3.16499  3.15076  3.17893  3.02378  2.98734  3.01565
            3.08546  3.09728  3.06900  3.07665  2.97450  2.98813  2.97643
            2.97728  3.07147  2.94721  2.79813  2.84154  2.88373  3.02313
            2.87905  2.84838  2.89484  2.92921  2.83433  2.85517  2.83775
            2.99697  2.96075  2.99338  3.01087  3.12007  2.98917  2.92347
            3.10562  0.00000  2.98920  3.16125  3.14936  3.16552  3.08098
            2.93634  1.26154  3.16485  3.17275  3.16097  1.32958  0.35039
            3.00941  3.12143  3.13948  1.13221  3.02106  1.26856  3.16249
            2.91195  3.31161  0.68369  2.91943  3.09013  2.97088
GU183384|T  0.03631  0.03583  1.17356  3.03072  0.07447  1.27499  0.01563
            1.15510  1.15221  1.10445  1.15723  1.11669  0.13362  0.19179
            1.16131  1.14518  0.07284  1.18266  1.11920  1.17630  1.16187
            1.18352  1.16905  1.14336  1.14698  1.25729  1.21410  0.56211
            0.27216  0.49811  0.56063  0.28259  0.54223  0.05620  0.05575
            0.05168  1.15029  1.15598  1.15241  1.18681  1.18097  1.18680
            1.17496  1.14768  1.16891  1.18266  1.16869  1.18351  1.14997
            1.28797  0.03319  0.03051  1.12224  1.14272  0.04506  1.17571
            1.34980  2.98920  0.00000  1.16036  1.16203  1.18668  0.18953
            1.15836  2.91648  1.19001  1.17369  1.17998  2.95253  3.06835
            1.21318  1.11635  1.11693  2.91109  0.06507  2.88759  0.27650
            1.20563  1.21942  3.04270  1.18415  0.21731  0.04502
HQ644143|B  1.16221  1.16551  1.03706  3.04618  1.16415  0.69786  1.15997
            0.99587  1.42546  1.47606  0.40108  0.39217  1.17445  1.20832
            1.46093  1.47212  1.17078  0.41300  0.59232  0.36912  0.58578
            0.36244  0.00700  0.39368  0.40223  0.67682  0.67010  1.19995
            1.21084  1.17555  1.20261  1.18461  1.21242  1.17844  1.17978
            1.17894  0.36473  1.04447  0.95776  0.96613  0.95640  0.56770
            1.00554  0.97497  0.94326  0.53092  0.94172  1.01686  0.97703
            0.68079  1.15437  1.14437  0.36146  0.39857  1.17133  0.82365
            0.84230  3.16125  1.16036  0.00000  0.39096  0.14424  1.21216
            0.81696  3.03221  0.14611  0.08185  0.14898  3.30166  3.21402
            0.62050  0.39511  0.37958  3.14216  1.22108  3.14525  1.17288
            0.56034  0.62218  3.19405  0.80154  1.20375  1.17333
JM18370|JE  1.15979  1.16231  1.02371  2.92114  1.18022  0.67723  1.15672
            0.94583  1.40362  1.40936  0.15833  0.22020  1.16718  1.18766
            1.39012  1.43214  1.18252  0.15724  0.57807  0.37658  0.58919
            0.39162  0.39245  0.23407  0.17897  0.66625  0.65407  1.11852
            1.21829  1.17360  1.13052  1.18080  1.16487  1.18683  1.18155
            1.18637  0.34907  1.02418  0.97813  0.99129  0.91826  0.53594
            1.02678  0.96974  0.92392  0.51086  0.96467  1.00516  0.96992
            0.67849  1.15744  1.15407  0.19558  0.23938  1.17636  0.77895
            0.86578  3.14936  1.16203  0.39096  0.00000  0.40255  1.19709
            0.77684  3.01128  0.40409  0.38651  0.40915  3.25070  3.15258
            0.58672  0.22227  0.21849  3.09456  1.21490  3.09842  1.19647
            0.53841  0.61560  3.10051  0.74369  1.17556  1.17774
JF312912|B  1.18448  1.18702  1.02269  3.04039  1.18768  0.69260  1.18257
            0.96571  1.41693  1.41143  0.41393  0.40546  1.16398  1.20678
            1.41005  1.44834  1.18892  0.42239  0.58381  0.39410  0.58322
            0.38845  0.14602  0.41057  0.41426  0.66354  0.65417  1.17858
            1.23143  1.18625  1.20594  1.17750  1.20032  1.19986  1.19097
            1.19757  0.36985  1.03111  0.93676  0.93307  0.95076  0.54208
            0.98545  0.95032  0.93347  0.51996  0.93601  0.97675  0.95191
            0.66637  1.17216  1.16838  0.38493  0.40996  1.18200  0.78937
            0.85357  3.16552  1.18668  0.14424  0.40255  0.00000  1.21049
            0.79885  3.07422  0.00248  0.15449  0.02214  3.23576  3.20482
            0.59334  0.41138  0.39501  3.12612  1.22506  3.10514  1.19144
            0.55286  0.59078  3.16126  0.78583  1.19130  1.18628
JF416959|K  0.19510  0.19441  1.19547  3.18429  0.19979  1.24678  0.18494
            1.13657  1.15375  1.12419  1.19293  1.16587  0.19951  0.01931
            1.12862  1.15837  0.19541  1.22006  1.13829  1.19817  1.21117
            1.19656  1.22289  1.19214  1.19656  1.26840  1.21327  0.57129
            0.28030  0.51527  0.55358  0.29660  0.55845  0.20155  0.19158
            0.19771  1.17690  1.17787  1.18889  1.16892  1.16783  1.19440
            1.20079  1.17820  1.16696  1.21109  1.17636  1.19739  1.17772
            1.28701  0.19076  0.19114  1.16687  1.19098  0.19217  1.16660
            1.39277  3.08098  0.18953  1.21216  1.19709  1.21049  0.00000
            1.14570  3.03765  1.21656  1.19749  1.20461  3.08014  3.19470
            1.19837  1.16263  1.15861  3.01051  0.21084  3.05968  0.29103
            1.23079  1.22839  3.20934  1.17630  0.20920  0.18885
JQ068102|C  1.15224  1.15273  1.08350  2.96939  1.14219  0.90164  1.14845
            0.94031  1.38739  1.39007  0.78092  0.77761  1.16927  1.14792
            1.44723  1.45153  1.14559  0.79222  0.77861  0.79629  0.82628
            0.75590  0.81909  0.78482  0.77614  0.90418  0.88453  1.14457
            1.18966  1.19349  1.14622  1.14425  1.15734  1.16023  1.13794
            1.15836  0.76929  1.05871  0.96365  1.01311  0.91040  0.79741
            0.97853  1.00782  0.92894  0.79135  0.97249  1.00381  1.00879
            0.89870  1.14636  1.14708  0.80089  0.78812  1.15931  0.11184
            0.91367  2.93634  1.15836  0.81696  0.77684  0.79885  1.14570
            0.00000  3.21002  0.80117  0.80629  0.80643  3.15828  3.03279
            0.81668  0.78193  0.77260  3.03754  1.17432  3.01644  1.20657
            0.77708  0.84741  3.02778  0.40737  1.17385  1.15190
JQ268258|H  2.89338  2.89626  3.02589  1.24237  2.90127  3.18199  2.89572
            3.06893  3.18149  3.11371  2.97928  2.98478  2.90511  3.03439
            3.05107  3.17685  2.91553  3.07680  3.04586  3.13295  3.08338
            3.08575  3.03006  3.04111  3.07217  3.12618  3.23225  2.99391
            3.05586  3.16846  2.95994  3.08526  3.08587  2.94520  2.95292
            2.94015  3.01593  3.08857  2.93481  3.01501  2.95712  3.06231
            3.07623  3.04367  2.97374  3.09765  2.91099  2.99695  3.05500
            3.15253  2.89024  2.91272  2.98161  3.02230  2.94245  3.16654
            3.27227  1.26154  2.91648  3.03221  3.01128  3.07422  3.03765
            3.21002  0.00000  3.07851  3.07686  3.08194  1.19299  1.25784
            3.13342  3.01278  2.95100  1.08245  2.99682  1.12174  3.03905
            3.05552  3.27600  1.24987  3.06504  3.03882  2.94298
JQ314465|T  1.18882  1.19138  1.02749  3.04177  1.19229  0.69582  1.18589
            0.97025  1.42078  1.41599  0.41688  0.40858  1.16737  1.21284
            1.41458  1.45350  1.19353  0.42534  0.58265  0.39733  0.58444
            0.39034  0.14790  0.41372  0.41720  0.66669  0.65787  1.18237
            1.23595  1.19204  1.20982  1.18208  1.20420  1.20315  1.19425
            1.20085  0.37286  1.03591  0.94036  0.93731  0.95503  0.54470
            0.99035  0.95546  0.93768  0.52335  0.94108  0.98138  0.95707
            0.66794  1.17647  1.17270  0.38774  0.41310  1.18525  0.79165
            0.85875  3.16485  1.19001  0.14611  0.40409  0.00248  1.21656
            0.80117  3.07851  0.00000  0.15520  0.02368  3.23738  3.20640
            0.59700  0.41452  0.39810  3.12760  1.22561  3.10660  1.19540
            0.55656  0.59435  3.16279  0.79036  1.19417  1.18954
JX236040|N  1.17537  1.17665  1.04858  3.03028  1.17647  0.70516  1.16948
            1.00122  1.39776  1.47531  0.40323  0.39534  1.18105  1.19251
            1.43530  1.44361  1.18369  0.41321  0.61166  0.37879  0.58328
            0.37447  0.08263  0.39854  0.40398  0.66901  0.66448  1.18685
            1.20795  1.18376  1.19785  1.18973  1.20603  1.18286  1.18658
            1.18443  0.37541  1.06154  0.95993  0.98097  0.94488  0.58410
            0.99139  0.97991  0.93886  0.53034  0.94102  1.02747  0.98093
            0.68038  1.16477  1.16343  0.36586  0.40230  1.17467  0.81216
            0.85850  3.17275  1.17369  0.08185  0.38651  0.15449  1.19749
            0.80629  3.07686  0.15520  0.00000  0.15946  3.27018  3.16912
            0.62017  0.39757  0.38322  3.07985  1.22825  3.08720  1.18593
            0.55864  0.61636  3.15767  0.78593  1.20188  1.17846
JX477686|S  1.18423  1.18366  1.02342  3.06802  1.18309  0.69904  1.17589
            0.97754  1.41581  1.41688  0.41919  0.41429  1.17045  1.20152
            1.41382  1.44885  1.18327  0.43134  0.58960  0.39937  0.59366
            0.39142  0.15195  0.41591  0.42223  0.67487  0.66109  1.17876
            1.22545  1.18259  1.20223  1.18137  1.20173  1.19502  1.18582
            1.19274  0.37494  1.04247  0.95221  0.93960  0.95902  0.55545
            0.99471  0.96551  0.94318  0.52925  0.94800  1.00112  0.96713
            0.67909  1.17227  1.16504  0.39059  0.41592  1.18204  0.79646
            0.85937  3.16097  1.17998  0.14898  0.40915  0.02214  1.20461
            0.80643  3.08194  0.02368  0.15946  0.00000  3.21402  3.20995
            0.59806  0.41888  0.40084  3.13535  1.22342  3.07064  1.18929
            0.56268  0.59315  3.18220  0.79364  1.18979  1.18762
KC181923|A  2.90287  2.91331  3.12733  1.25274  2.94836  3.10961  2.93377
            2.97596  3.13044  3.11089  3.30983  3.19559  2.97679  3.07517
            3.07418  3.25021  2.91322  3.20514  3.25543  3.22245  3.06672
            3.16081  3.30043  3.27938  3.26254  3.12401  3.11498  3.10036
            3.09150  3.16141  3.09792  3.10480  3.13293  2.98645  2.96389
            2.97451  3.28321  3.14236  3.11755  3.07709  2.99508  3.25908
            3.10416  3.11737  3.01323  3.19892  3.07717  3.10967  3.12956
            3.13365  2.93493  2.94024  3.25639  3.22669  2.96281  3.22852
            3.25185  1.32958  2.95253  3.30166  3.25070  3.23576  3.08014
            3.15828  1.19299  3.23738  3.27018  3.21402  0.00000  1.31021
            3.15235  3.16035  3.21090  0.48441  3.02780  0.29257  3.05109
            3.12445  3.41849  1.27626  3.17879  3.02556  2.97986
KC505248|P  3.05859  3.08931  2.94741  0.65240  3.04605  3.14635  3.04789
            3.05015  3.08378  3.18376  3.09701  3.07651  3.10079  3.17191
            2.98710  3.18368  3.05843  3.12440  3.10913  3.30085  3.09385
            3.23127  3.21754  3.13287  3.15383  3.07763  3.14624  3.08861
            3.17456  3.23321  3.15500  3.21495  3.10371  3.07700  3.12339
            3.07578  3.09529  2.91591  2.78693  2.85907  2.97972  3.10054
            2.88014  2.83374  3.00308  3.06961  2.88072  2.82722  2.82633
            3.14222  3.04156  3.06518  3.09068  3.15837  3.07795  2.99369
            3.08850  0.35039  3.06835  3.21402  3.15258  3.20482  3.19470
            3.03279  1.25784  3.20640  3.16912  3.20995  1.31021  0.00000
            3.01193  3.07194  3.09988  1.09096  3.15452  1.28754  3.23279
            3.01789  3.32692  0.62386  3.07552  3.11431  3.07012
KC788512|N  1.21850  1.21339  1.04218  3.10170  1.19971  0.71584  1.20125
            0.93047  1.46659  1.41426  0.60316  0.57601  1.16858  1.18977
            1.47953  1.46780  1.20957  0.60697  0.60847  0.58313  0.62218
            0.59732  0.62674  0.57976  0.61453  0.73098  0.69659  1.17289
            1.21330  1.19663  1.20258  1.18480  1.20487  1.21611  1.21125
            1.21078  0.59324  1.06172  0.97213  0.96366  0.94979  0.54322
            1.01844  0.98416  0.92941  0.53722  0.97098  1.00289  0.99044
            0.73042  1.19956  1.19968  0.57545  0.58843  1.20891  0.80449
            0.88509  3.00941  1.21318  0.62050  0.58672  0.59334  1.19837
            0.81668  3.13342  0.59700  0.62017  0.59806  3.15235  3.01193
            0.00000  0.57534  0.56356  3.10181  1.23309  3.04902  1.20861
            0.58627  0.34195  3.16449  0.78922  1.21408  1.21051
D00246|KUN  1.11862  1.11805  1.03283  2.87909  1.12179  0.62754  1.11300
            0.95276  1.40854  1.40620  0.22178  0.01711  1.12032  1.14774
            1.40091  1.41309  1.12641  0.22461  0.56078  0.35551  0.59646
            0.38065  0.39551  0.07757  0.21669  0.65637  0.64484  1.13346
            1.21006  1.17679  1.16030  1.14523  1.17537  1.12971  1.13897
            1.12933  0.32909  1.02063  0.97117  0.95265  0.95619  0.51180
            0.98201  0.97570  0.95105  0.48213  0.94248  0.99452  0.97931
            0.65801  1.11808  1.11237  0.17077  0.08987  1.12669  0.78228
            0.86561  3.12143  1.11635  0.39511  0.22227  0.41138  1.16263
            0.78193  3.01278  0.41452  0.39757  0.41888  3.16035  3.07194
            0.57534  0.00000  0.04914  3.02678  1.16752  3.04621  1.17745
            0.53615  0.60301  3.08379  0.74861  1.16088  1.12607
NC_001563|  1.12124  1.11823  1.03424  2.91983  1.11221  0.62738  1.11212
            0.94116  1.39558  1.40266  0.21837  0.04801  1.11761  1.14187
            1.38019  1.40070  1.11610  0.22791  0.55528  0.35625  0.59924
            0.38497  0.37998  0.06921  0.21910  0.65435  0.64321  1.12629
            1.20958  1.18073  1.14907  1.13931  1.17889  1.13484  1.13919
            1.13377  0.32581  1.01453  0.96170  0.93363  0.94141  0.51725
            0.97259  0.96628  0.95477  0.48357  0.92859  0.99490  0.96788
            0.65973  1.12000  1.11202  0.17158  0.08723  1.13318  0.76963
            0.85650  3.13948  1.11693  0.37958  0.21849  0.39501  1.15861
            0.77260  2.95100  0.39810  0.38322  0.40084  3.21090  3.09988
            0.56356  0.04914  0.00000  3.06413  1.16999  3.08588  1.17189
            0.52273  0.60175  3.09043  0.75911  1.16102  1.12914
NC_001564|  2.85771  2.85895  3.04954  0.93529  2.90534  3.09044  2.88753
            2.92478  3.03161  3.08602  3.16355  3.03793  2.92173  2.99416
            3.06309  3.21274  2.89641  3.11736  3.02626  3.06950  2.98042
            3.06949  3.13445  3.11100  3.16363  3.09349  3.07441  3.00262
            3.04836  3.05194  3.06684  3.00683  3.07590  2.95296  2.91228
            2.93247  3.10929  3.07416  2.95518  2.99035  2.99967  3.07878
            3.03657  2.96505  3.02551  3.03277  2.99295  2.97906  2.96174
            3.05002  2.87298  2.88001  3.05444  3.10161  2.88735  3.07720
            3.12595  1.13221  2.91109  3.14216  3.09456  3.12612  3.01051
            3.03754  1.08245  3.12760  3.07985  3.13535  0.48441  1.09096
            3.10181  3.02678  3.06413  0.00000  2.97983  0.38970  3.04321
            2.96762  3.33819  0.92916  3.04599  2.99743  2.91759
NC_001809|  0.06702  0.06775  1.20100  3.09527  0.10383  1.32723  0.06617
            1.18198  1.20098  1.14271  1.20917  1.17047  0.15427  0.21030
            1.19045  1.18187  0.10171  1.23787  1.16399  1.22661  1.22957
            1.22864  1.23031  1.19617  1.19644  1.30077  1.26128  0.57999
            0.29163  0.52343  0.58340  0.30927  0.55922  0.06974  0.04060
            0.06464  1.19018  1.19634  1.19653  1.21308  1.19758  1.21152
            1.20330  1.19465  1.19625  1.21267  1.19330  1.22635  1.19443
            1.34695  0.06377  0.06572  1.18476  1.20224  0.04931  1.19724
            1.38293  3.02106  0.06507  1.22108  1.21490  1.22506  0.21084
            1.17432  2.99682  1.22561  1.22825  1.22342  3.02780  3.15452
            1.23309  1.16752  1.16999  2.97983  0.00000  2.95064  0.30711
            1.23906  1.24657  3.10003  1.21944  0.24073  0.04759
NC_005064|  2.84009  2.83370  3.03406  1.23358  2.87229  3.08313  2.86330
            2.93269  3.04583  3.05932  3.16577  3.07139  2.95328  3.05667
            3.03631  3.23842  2.84923  3.12998  3.15455  3.13696  2.96873
            3.09057  3.13732  3.15310  3.12471  3.07548  3.00464  2.92372
            2.92817  3.13787  3.04329  2.99778  3.01904  2.90599  2.88674
            2.89341  3.18395  3.13711  2.94115  2.99429  2.90444  3.09562
            3.04842  2.94103  2.93421  3.10684  2.93822  2.93779  2.94908
            3.07180  2.85451  2.86858  3.11267  3.10173  2.88647  3.04658
            3.19013  1.26856  2.88759  3.14525  3.09842  3.10514  3.05968
            3.01644  1.12174  3.10660  3.08720  3.07064  0.29257  1.28754
            3.04902  3.04621  3.08588  0.38970  2.95064  0.00000  2.97906
            3.02144  3.24438  1.27276  3.04869  2.93333  2.89522
NC_006947|  0.28318  0.28552  1.22262  3.22776  0.29258  1.25880  0.27648
            1.15997  1.19451  1.16070  1.18935  1.17351  0.29529  0.29417
            1.16858  1.20513  0.28963  1.19712  1.14959  1.20325  1.19333
            1.19575  1.18219  1.18313  1.18391  1.26548  1.21951  0.60978
            0.32189  0.55166  0.61828  0.27067  0.61554  0.29719  0.28834
            0.29326  1.18646  1.18938  1.16355  1.16138  1.16322  1.20004
            1.19519  1.15299  1.16316  1.23217  1.15672  1.18320  1.16092
            1.29005  0.27805  0.27722  1.18277  1.17810  0.28831  1.22181
            1.35080  3.16249  0.27650  1.17288  1.19647  1.19144  0.29103
            1.20657  3.03905  1.19540  1.18593  1.18929  3.05109  3.23279
            1.20861  1.17745  1.17189  3.04321  0.30711  2.97906  0.00000
            1.21080  1.20318  3.16013  1.16772  0.28427  0.28501
NC_009026|  1.20623  1.20735  1.11015  3.00336  1.19667  0.69957  1.20828
            0.98339  1.42964  1.47587  0.52169  0.53469  1.22003  1.22990
            1.47849  1.48900  1.19699  0.54582  0.49214  0.52493  0.59503
            0.53700  0.56551  0.53270  0.53101  0.66294  0.66671  1.18690
            1.24214  1.25753  1.20572  1.19510  1.20630  1.22875  1.21688
            1.22911  0.51065  1.08320  0.97235  0.99270  0.99089  0.53143
            1.01086  0.98900  0.98613  0.49207  0.95594  1.02920  0.99483
            0.66868  1.19210  1.20688  0.52442  0.53429  1.21421  0.78521
            0.85797  2.91195  1.20563  0.56034  0.53841  0.55286  1.23079
            0.77708  3.05552  0.55656  0.55864  0.56268  3.12445  3.01789
            0.58627  0.53615  0.52273  2.96762  1.23906  3.02144  1.21080
            0.00000  0.57731  3.04608  0.74307  1.21275  1.21091
NC_009029|  1.21752  1.21782  1.09288  3.27412  1.23489  0.72859  1.20917
            0.94563  1.45563  1.46381  0.61752  0.59995  1.20376  1.22787
            1.49909  1.45855  1.23850  0.63877  0.58592  0.61092  0.63815
            0.61779  0.62793  0.60515  0.62524  0.72257  0.70682  1.19033
            1.22156  1.25042  1.21618  1.21735  1.23132  1.22528  1.21700
            1.22318  0.57522  1.07212  0.98123  0.95949  0.95190  0.54709
            1.01239  1.00180  0.95174  0.54392  0.96771  0.98968  1.00578
            0.73258  1.20486  1.21260  0.60457  0.61700  1.20694  0.83562
            0.90865  3.31161  1.21942  0.62218  0.61560  0.59078  1.22839
            0.84741  3.27600  0.59435  0.61636  0.59315  3.41849  3.32692
            0.34195  0.60301  0.60175  3.33819  1.24657  3.24438  1.20318
            0.57731  0.00000  3.38735  0.81987  1.25834  1.21152
NC_012671|  3.02551  3.02368  3.05830  0.30532  3.05627  3.13787  3.01110
            2.96928  3.11593  3.21003  3.11985  3.09934  3.00119  3.19585
            3.19475  3.15424  3.02880  3.14961  3.07564  3.24784  3.24219
            3.21114  3.20959  3.13594  3.09422  3.17151  3.12913  3.07456
            3.03119  3.17173  3.10670  3.20106  3.12680  3.07754  3.04425
            3.04559  3.13432  3.10472  2.96290  2.94310  3.02076  3.03661
            2.98119  3.02769  3.05836  3.10116  2.92339  2.98086  3.01877
            3.20860  3.02495  3.02723  3.04846  3.14142  3.02759  3.06397
            3.21560  0.68369  3.04270  3.19405  3.10051  3.16126  3.20934
            3.02778  1.24987  3.16279  3.15767  3.18220  1.27626  0.62386
            3.16449  3.08379  3.09043  0.92916  3.10003  1.27276  3.16013
            3.04608  3.38735  0.00000  3.00419  3.12421  3.02626
NC_016997|  1.18245  1.18371  1.04920  2.90098  1.18438  0.86617  1.17882
            0.91630  1.35135  1.38404  0.75759  0.75131  1.17385  1.16845
            1.44803  1.43535  1.17928  0.75981  0.74656  0.79421  0.79640
            0.78380  0.80571  0.75623  0.75555  0.87819  0.85169  1.12617
            1.19055  1.22342  1.14247  1.15341  1.15198  1.19171  1.18126
            1.19368  0.74208  1.02960  0.97410  0.97979  0.89711  0.73566
            0.93934  1.00872  0.91550  0.72643  0.96883  1.04432  1.01552
            0.88181  1.18168  1.18288  0.74045  0.76362  1.19562  0.42168
            0.89695  2.91943  1.18415  0.80154  0.74369  0.78583  1.17630
            0.40737  3.06504  0.79036  0.78593  0.79364  3.17879  3.07552
            0.78922  0.74861  0.75911  3.04599  1.21944  3.04869  1.16772
            0.74307  0.81987  3.00419  0.00000  1.20755  1.19126
L06436|POW  0.22150  0.22363  1.19961  3.14854  0.23603  1.26126  0.21339
            1.13298  1.16545  1.12512  1.18441  1.16034  0.23168  0.21204
            1.14774  1.17503  0.23084  1.20216  1.17725  1.22411  1.20132
            1.18799  1.21074  1.18413  1.17147  1.25644  1.23358  0.57683
            0.26628  0.55636  0.59200  0.29410  0.58108  0.22990  0.22623
            0.22616  1.16460  1.16478  1.17809  1.18826  1.16103  1.17768
            1.21609  1.16132  1.16016  1.20851  1.17441  1.18260  1.16412
            1.27536  0.21674  0.21816  1.17708  1.16550  0.21952  1.18979
            1.34336  3.09013  0.21731  1.20375  1.17556  1.19130  0.20920
            1.17385  3.03882  1.19417  1.20188  1.18979  3.02556  3.11431
            1.21408  1.16088  1.16102  2.99743  0.24073  2.93333  0.28427
            1.21275  1.25834  3.12421  1.20755  0.00000  0.21829
TEU27495|T  0.05142  0.05104  1.17058  3.03516  0.07870  1.27745  0.04764
            1.14224  1.16221  1.11153  1.17062  1.12695  0.13797  0.19248
            1.15379  1.14721  0.07850  1.18942  1.13537  1.19457  1.16677
            1.19256  1.18202  1.16057  1.16196  1.25739  1.20578  0.56028
            0.27033  0.50543  0.55584  0.28768  0.53625  0.04768  0.04112
            0.04126  1.15639  1.16204  1.15671  1.17596  1.16559  1.19127
            1.16484  1.15438  1.16863  1.18517  1.16010  1.17956  1.15417
            1.30181  0.04510  0.04526  1.13782  1.15662  0.00602  1.16850
            1.35067  2.97088  0.04502  1.17333  1.17774  1.18628  0.18885
            1.15190  2.94298  1.18954  1.17846  1.18762  2.97986  3.07012
            1.21051  1.12607  1.12914  2.91759  0.04759  2.89522  0.28501
            1.21091  1.21152  3.02626  1.19126  0.21829  0.00000
